// =========================Off=========================
// Mesg Desc.: Power: Off
uint16_t rawData[199] = {4434, 4344,  586, 1590,  554, 520,  552, 1594,  554, 1594,  552, 522,  554, 518,  558, 1590,  554, 522,  558, 514,  556, 1594,  556, 518,  554, 520,  530, 1618,  530, 1618,  554, 520,  558, 1590,  558, 516,  558, 1590,  556, 1592,  556, 1592,  558, 1590,  560, 514,  558, 1590,  560, 1588,  560, 1588,  564, 510,  562, 512,  564, 508,  564, 510,  564, 1584,  564, 510,  564, 508,  566, 1582,  568, 1580,  568, 1580,  568, 506,  594, 480,  566, 506,  568, 506,  568, 506,  594, 480,  594, 478,  570, 504,  570, 1578,  570, 1580,  570, 1578,  570, 1578,  570, 1578,  570, 5144,  4474, 4302,  598, 1578,  570, 504,  598, 1550,  596, 1554,  568, 504,  568, 506,  568, 1580,  568, 506,  594, 478,  568, 1578,  568, 506,  568, 506,  568, 1580,  566, 1584,  568, 506,  564, 1584,  564, 510,  564, 1584,  562, 1586,  564, 1584,  562, 1588,  562, 514,  562, 1584,  560, 1590,  560, 1588,  558, 516,  554, 518,  556, 518,  552, 520,  530, 1616,  552, 524,  528, 546,  528, 1620,  528, 1620,  528, 1622,  526, 524,  550, 548,  524, 548,  524, 524,  550, 522,  552, 522,  550, 522,  552, 522,  552, 1624,  524, 1626,  524, 1626,  522, 1626,  546, 1604,  522};  // COOLIX B27BE0
uint64_t data = 0xB27BE0;

// =========================Cool=========================

// Mesg Desc.: Power: On, Mode: 0 (Cool), Fan: 5 (Auto), Temp: 17C, Zone Follow: Off, Sensor Temp: Off
uint16_t rawData[199] = {4484, 4296,  632, 1544,  604, 470,  604, 1544,  604, 1544,  604, 470,  602, 470,  604, 1544,  604, 470,  604, 470,  604, 1544,  604, 470,  604, 470,  604, 1544,  604, 1546,  628, 446,  604, 1544,  602, 1546,  604, 470,  604, 1544,  604, 1546,  602, 1546,  604, 1546,  602, 1546,  604, 1544,  604, 470,  604, 1544,  604, 470,  602, 470,  616, 458,  602, 470,  604, 470,  604, 470,  604, 470,  604, 470,  604, 470,  602, 470,  604, 470,  604, 470,  604, 470,  602, 470,  604, 1544,  604, 1544,  604, 1544,  604, 1544,  604, 1546,  602, 1546,  604, 1544,  604, 1544,  604, 5110,  4482, 4296,  630, 1544,  604, 470,  602, 1546,  604, 1544,  604, 470,  602, 472,  602, 1546,  602, 470,  602, 470,  604, 1544,  604, 470,  604, 470,  602, 1544,  604, 1546,  604, 470,  604, 1544,  604, 1544,  604, 470,  604, 1544,  604, 1544,  604, 1544,  604, 1544,  604, 1546,  604, 1544,  604, 470,  604, 1544,  604, 470,  604, 470,  602, 470,  604, 470,  604, 470,  604, 470,  604, 470,  604, 470,  602, 470,  604, 470,  602, 470,  604, 470,  604, 470,  602, 472,  602, 1546,  604, 1544,  602, 1546,  604, 1546,  604, 1544,  604, 1546,  602, 1546,  602, 1546,  604};  // COOLIX B2BF00
uint64_t data = 0xB2BF00;

// Mesg Desc.: Power: On, Mode: 0 (Cool), Fan: 5 (Auto), Temp: 18C, Zone Follow: Off, Sensor Temp: Off
uint16_t rawData[199] = {4450, 4328,  626, 1552,  570, 502,  570, 1578,  572, 1578,  570, 502,  598, 476,  570, 1578,  596, 478,  572, 502,  594, 1554,  594, 480,  594, 478,  570, 1578,  596, 1554,  596, 476,  570, 1578,  596, 1552,  596, 476,  570, 1578,  570, 1578,  570, 1578,  596, 1554,  596, 1552,  570, 1578,  570, 504,  598, 1550,  594, 478,  570, 504,  570, 502,  598, 476,  594, 478,  596, 476,  570, 502,  572, 502,  596, 478,  598, 1550,  596, 478,  596, 478,  596, 478,  570, 504,  596, 1552,  596, 1552,  570, 1578,  596, 478,  596, 1552,  596, 1552,  596, 1552,  596, 1552,  570, 5142,  4474, 4304,  626, 1552,  596, 478,  596, 1552,  596, 1552,  570, 504,  596, 478,  596, 1552,  596, 478,  594, 480,  596, 1552,  598, 476,  570, 504,  598, 1550,  570, 1578,  596, 478,  596, 1552,  572, 1576,  594, 480,  594, 1552,  598, 1550,  570, 1578,  596, 1552,  570, 1578,  596, 1552,  596, 478,  598, 1550,  596, 478,  570, 502,  596, 478,  570, 502,  598, 476,  596, 476,  596, 478,  570, 502,  594, 480,  572, 1576,  596, 476,  596, 478,  596, 476,  598, 476,  596, 1554,  596, 1550,  598, 1552,  598, 476,  594, 1554,  570, 1578,  570, 1578,  596, 1550,  598};  // COOLIX B2BF10
uint64_t data = 0xB2BF10;

// Mesg Desc.: Power: On, Mode: 0 (Cool), Fan: 5 (Auto), Temp: 19C, Zone Follow: Off, Sensor Temp: Off
uint16_t rawData[199] = {4446, 4330,  598, 1578,  568, 504,  570, 1580,  568, 1580,  568, 506,  568, 506,  568, 1580,  568, 506,  568, 506,  568, 1580,  568, 506,  568, 506,  568, 1580,  568, 1580,  566, 506,  596, 1554,  568, 1580,  568, 506,  566, 1580,  568, 1580,  568, 1580,  568, 1580,  568, 1582,  566, 1582,  568, 506,  570, 1580,  568, 506,  568, 504,  568, 504,  568, 504,  568, 506,  568, 506,  568, 506,  568, 504,  570, 1578,  570, 1580,  594, 480,  568, 506,  568, 506,  570, 504,  566, 1582,  594, 1554,  568, 504,  568, 506,  570, 1578,  568, 1580,  566, 1582,  566, 1582,  566, 5146,  4448, 4328,  600, 1578,  568, 506,  570, 1578,  568, 1580,  568, 506,  568, 506,  570, 1578,  568, 506,  568, 506,  594, 1552,  570, 504,  570, 504,  568, 1580,  568, 1580,  594, 478,  568, 1580,  568, 1580,  568, 504,  570, 1578,  568, 1582,  570, 1578,  570, 1578,  568, 1580,  570, 1578,  568, 504,  570, 1580,  594, 478,  568, 506,  568, 504,  568, 504,  568, 506,  568, 504,  568, 506,  570, 504,  570, 1578,  570, 1580,  594, 480,  570, 502,  570, 504,  570, 504,  570, 1578,  570, 1578,  572, 502,  568, 506,  570, 1578,  596, 1552,  570, 1578,  570, 1578,  570};  // COOLIX B2BF30
uint64_t data = 0xB2BF30;

// Mesg Desc.: Power: On, Mode: 0 (Cool), Fan: 5 (Auto), Temp: 20C, Zone Follow: Off, Sensor Temp: Off
uint16_t rawData[199] = {4480, 4296,  632, 1546,  602, 472,  602, 1546,  604, 1546,  602, 472,  602, 470,  602, 1546,  602, 470,  602, 472,  602, 1546,  600, 472,  604, 470,  602, 1546,  600, 1548,  602, 470,  602, 1546,  604, 1546,  602, 472,  602, 1548,  600, 1548,  604, 1544,  602, 1546,  602, 1548,  600, 1548,  602, 470,  602, 1546,  602, 472,  602, 472,  604, 470,  602, 470,  602, 472,  602, 470,  602, 472,  604, 468,  602, 1546,  602, 470,  602, 472,  600, 472,  602, 470,  602, 470,  604, 1544,  602, 1548,  602, 472,  602, 1546,  600, 1546,  602, 1546,  602, 1546,  600, 1548,  604, 5110,  4478, 4298,  628, 1548,  602, 472,  602, 1546,  602, 1546,  604, 472,  600, 472,  602, 1546,  602, 472,  602, 472,  602, 1546,  602, 472,  602, 472,  604, 1544,  602, 1546,  602, 472,  602, 1546,  602, 1546,  602, 472,  602, 1546,  602, 1546,  602, 1546,  602, 1546,  602, 1546,  602, 1548,  602, 472,  602, 1546,  602, 472,  602, 472,  602, 470,  602, 472,  602, 472,  602, 472,  602, 472,  602, 472,  602, 1546,  602, 472,  602, 472,  602, 472,  602, 472,  602, 472,  602, 1546,  602, 1546,  604, 470,  602, 1546,  600, 1548,  602, 1546,  602, 1548,  602, 1546,  602};  // COOLIX B2BF20
uint64_t data = 0xB2BF20;

// Mesg Desc.: Power: On, Mode: 0 (Cool), Fan: 5 (Auto), Temp: 21C, Zone Follow: Off, Sensor Temp: Off
uint16_t rawData[199] = {4468, 4310,  620, 1558,  594, 480,  590, 1558,  590, 1558,  592, 482,  594, 478,  590, 1560,  594, 480,  594, 480,  590, 1558,  590, 484,  592, 480,  592, 1556,  594, 1554,  592, 482,  592, 1556,  592, 1556,  592, 480,  594, 1554,  592, 1558,  592, 1558,  592, 1556,  592, 1556,  592, 1556,  594, 484,  588, 1554,  596, 478,  592, 480,  594, 480,  594, 480,  594, 482,  590, 482,  590, 482,  592, 1556,  592, 1556,  596, 478,  592, 482,  590, 484,  594, 478,  594, 480,  590, 1556,  594, 480,  592, 482,  592, 1554,  592, 1556,  592, 1556,  594, 1554,  592, 1556,  590, 5124,  4470, 4308,  620, 1556,  594, 480,  594, 1554,  594, 1554,  592, 482,  592, 482,  592, 1556,  594, 480,  592, 480,  590, 1558,  592, 480,  594, 480,  590, 1556,  594, 1556,  594, 480,  594, 1554,  594, 1556,  590, 482,  594, 1554,  588, 1562,  590, 1558,  590, 1558,  592, 1556,  592, 1556,  594, 480,  588, 1560,  592, 482,  590, 484,  594, 480,  594, 480,  590, 482,  592, 482,  588, 484,  588, 1560,  590, 1558,  592, 482,  590, 482,  592, 480,  594, 480,  592, 480,  590, 1560,  592, 482,  592, 482,  592, 1554,  592, 1556,  590, 1558,  590, 1558,  594, 1554,  590};  // COOLIX B2BF60
uint64_t data = 0xB2BF60;

// Mesg Desc.: Power: On, Mode: 0 (Cool), Fan: 5 (Auto), Temp: 22C, Zone Follow: Off, Sensor Temp: Off
uint16_t rawData[199] = {4478, 4302,  624, 1552,  620, 454,  598, 1550,  598, 1550,  624, 450,  598, 476,  596, 1552,  598, 476,  598, 476,  598, 1550,  622, 452,  598, 474,  596, 1552,  598, 1550,  598, 476,  598, 1550,  596, 1552,  596, 476,  600, 1548,  600, 1548,  598, 1550,  624, 1526,  622, 1526,  596, 1552,  598, 476,  598, 1550,  598, 476,  598, 476,  598, 476,  622, 450,  596, 476,  596, 478,  598, 476,  598, 1550,  622, 1526,  598, 1550,  598, 476,  600, 474,  598, 476,  596, 476,  598, 1550,  598, 474,  598, 476,  622, 452,  598, 1550,  598, 1552,  598, 1550,  598, 1550,  598, 5114,  4500, 4278,  626, 1552,  598, 476,  598, 1550,  598, 1550,  596, 478,  598, 476,  598, 1550,  598, 476,  596, 476,  594, 1554,  594, 480,  596, 478,  596, 1550,  596, 1552,  624, 450,  596, 1552,  592, 1556,  598, 476,  596, 1552,  624, 1526,  598, 1550,  596, 1552,  592, 1556,  598, 1550,  596, 478,  596, 1552,  596, 476,  596, 478,  596, 478,  596, 478,  598, 476,  598, 476,  596, 478,  594, 1554,  594, 1554,  596, 1552,  596, 478,  596, 478,  596, 478,  596, 478,  596, 1550,  596, 478,  596, 478,  596, 478,  596, 1552,  596, 1552,  596, 1554,  620, 1528,  594};  // COOLIX B2BF70
uint64_t data = 0xB2BF70;

// Mesg Desc.: Power: On, Mode: 0 (Cool), Fan: 5 (Auto), Temp: 23C, Zone Follow: Off, Sensor Temp: Off
uint16_t rawData[199] = {4428, 4350,  578, 1570,  578, 496,  578, 1572,  576, 1572,  576, 496,  578, 494,  578, 1570,  578, 496,  578, 498,  576, 1572,  576, 498,  576, 496,  578, 1572,  574, 1574,  574, 498,  576, 1570,  578, 1572,  576, 496,  578, 1570,  578, 1572,  576, 1572,  574, 1572,  578, 1572,  576, 1572,  578, 496,  576, 1572,  576, 496,  578, 496,  578, 496,  576, 496,  578, 494,  578, 494,  580, 494,  578, 1568,  580, 496,  576, 1572,  576, 498,  576, 496,  578, 496,  576, 498,  576, 1572,  576, 496,  578, 1572,  574, 498,  576, 1570,  578, 1574,  574, 1572,  576, 1572,  578, 5164,  4428, 4350,  576, 1570,  578, 496,  578, 1570,  578, 1570,  574, 500,  576, 496,  578, 1570,  578, 496,  578, 494,  578, 1570,  578, 498,  576, 496,  578, 1570,  578, 1574,  574, 498,  578, 1570,  578, 1570,  578, 496,  578, 1570,  576, 1572,  576, 1572,  578, 1570,  576, 1572,  578, 1572,  576, 496,  578, 1570,  580, 496,  576, 496,  576, 496,  578, 496,  576, 496,  578, 496,  576, 498,  578, 1572,  576, 496,  578, 1572,  576, 498,  576, 496,  576, 496,  576, 496,  578, 1572,  576, 496,  578, 1570,  576, 496,  578, 1570,  578, 1570,  578, 1572,  576, 1572,  576};  // COOLIX B2BF50
uint64_t data = 0xB2BF50;

// Mesg Desc.: Power: On, Mode: 0 (Cool), Fan: 5 (Auto), Temp: 24C, Zone Follow: Off, Sensor Temp: Off
uint16_t rawData[199] = {4424, 4358,  570, 1574,  574, 500,  546, 1608,  542, 1600,  550, 526,  572, 500,  574, 1572,  574, 500,  576, 498,  572, 1576,  578, 496,  574, 502,  574, 1572,  554, 1596,  548, 524,  546, 1602,  574, 1574,  572, 500,  548, 1600,  572, 1578,  548, 1600,  572, 1576,  576, 1574,  570, 1578,  548, 524,  550, 1604,  570, 500,  576, 496,  578, 502,  570, 498,  578, 496,  576, 498,  576, 498,  548, 1600,  578, 500,  570, 498,  578, 496,  574, 500,  576, 496,  574, 498,  578, 1570,  576, 498,  578, 1570,  576, 1574,  576, 1572,  550, 1596,  578, 1572,  576, 1572,  578, 5164,  4434, 4344,  620, 1556,  592, 482,  592, 1556,  594, 1554,  594, 480,  594, 478,  594, 1554,  598, 476,  596, 478,  596, 1552,  596, 476,  600, 472,  600, 1548,  600, 1548,  624, 450,  624, 1524,  628, 1522,  624, 450,  602, 1546,  626, 1522,  602, 1548,  554, 1570,  574, 1572,  576, 1574,  574, 496,  578, 1574,  574, 498,  576, 498,  550, 526,  572, 502,  548, 524,  572, 502,  572, 502,  570, 1578,  544, 528,  546, 530,  566, 506,  568, 506,  544, 530,  542, 530,  546, 1604,  544, 528,  544, 1604,  544, 1628,  522, 1606,  542, 1606,  538, 1610,  542, 1606,  544};  // COOLIX B2BF40
uint64_t data = 0xB2BF40;

// Mesg Desc.: Power: On, Mode: 0 (Cool), Fan: 5 (Auto), Temp: 25C, Zone Follow: Off, Sensor Temp: Off
uint16_t rawData[199] = {4428, 4354,  574, 1596,  552, 498,  578, 1596,  552, 1596,  552, 496,  578, 496,  578, 1594,  552, 498,  578, 496,  578, 1594,  554, 496,  578, 496,  578, 1596,  552, 1596,  552, 498,  578, 1596,  552, 1598,  552, 496,  578, 1596,  552, 1596,  552, 1596,  554, 1596,  554, 1596,  554, 1596,  554, 496,  578, 1596,  552, 496,  578, 496,  578, 496,  578, 496,  576, 496,  578, 496,  578, 1594,  552, 1596,  552, 498,  578, 496,  578, 496,  578, 496,  578, 496,  578, 496,  578, 496,  578, 496,  576, 1596,  554, 1596,  552, 1596,  552, 1596,  552, 1596,  554, 1596,  552, 5188,  4404, 4352,  576, 1596,  552, 496,  578, 1594,  554, 1596,  552, 496,  578, 496,  578, 1594,  552, 496,  578, 496,  578, 1594,  552, 496,  578, 496,  576, 1596,  552, 1596,  552, 498,  576, 1596,  552, 1596,  552, 498,  578, 1594,  552, 1596,  552, 1596,  552, 1596,  554, 1596,  552, 1596,  552, 496,  578, 1596,  552, 498,  578, 496,  578, 496,  578, 496,  578, 496,  578, 496,  578, 1594,  552, 1596,  552, 496,  578, 496,  576, 496,  578, 496,  578, 496,  576, 496,  576, 502,  572, 502,  572, 1594,  552, 1596,  554, 1594,  552, 1596,  552, 1596,  552, 1596,  552};  // COOLIX B2BFC0
uint64_t data = 0xB2BFC0;

// Mesg Desc.: Power: On, Mode: 0 (Cool), Fan: 5 (Auto), Temp: 26C, Zone Follow: Off, Sensor Temp: Off
uint16_t rawData[199] = {4492, 4286,  632, 1544,  604, 470,  604, 1544,  628, 1520,  602, 472,  602, 470,  604, 1544,  604, 470,  604, 470,  604, 1544,  604, 468,  604, 470,  604, 1544,  604, 1546,  604, 470,  604, 1544,  602, 1546,  604, 470,  604, 1546,  602, 1546,  604, 1544,  604, 1546,  604, 1544,  628, 1520,  604, 470,  604, 1544,  604, 470,  626, 446,  604, 468,  604, 470,  602, 470,  604, 470,  602, 1546,  604, 1546,  604, 470,  604, 1546,  602, 470,  604, 470,  604, 470,  604, 470,  628, 446,  604, 470,  604, 1544,  604, 470,  628, 1520,  604, 1546,  628, 1520,  604, 1546,  628, 5088,  4482, 4298,  630, 1544,  602, 472,  604, 1544,  604, 1546,  602, 470,  604, 470,  602, 1546,  604, 470,  604, 470,  602, 1546,  604, 470,  626, 448,  604, 1544,  602, 1546,  602, 470,  604, 1546,  604, 1546,  602, 470,  604, 1546,  604, 1546,  604, 1546,  602, 1546,  604, 1544,  604, 1546,  628, 446,  604, 1544,  604, 470,  628, 446,  604, 470,  628, 446,  604, 470,  628, 446,  602, 1546,  626, 1522,  604, 470,  604, 1544,  604, 470,  602, 470,  604, 470,  602, 470,  604, 470,  602, 472,  602, 1546,  604, 470,  602, 1546,  604, 1546,  602, 1546,  628, 1522,  604};  // COOLIX B2BFD0
uint64_t data = 0xB2BFD0;

// Mesg Desc.: Power: On, Mode: 0 (Cool), Fan: 5 (Auto), Temp: 27C, Zone Follow: Off, Sensor Temp: Off
uint16_t rawData[199] = {4400, 4378,  546, 1600,  548, 526,  574, 1574,  548, 1602,  572, 500,  548, 526,  548, 1600,  574, 500,  572, 502,  572, 1576,  548, 524,  572, 500,  574, 1580,  570, 1574,  576, 498,  572, 1574,  576, 1572,  550, 524,  550, 1598,  574, 1572,  552, 1598,  574, 1578,  574, 1570,  552, 1604,  570, 496,  576, 1574,  550, 524,  576, 498,  574, 498,  576, 496,  576, 500,  552, 520,  550, 1598,  554, 520,  578, 496,  578, 1570,  574, 498,  576, 498,  576, 498,  574, 496,  578, 496,  578, 1570,  576, 1574,  576, 498,  576, 1572,  574, 1574,  576, 1572,  550, 1598,  576, 5164,  4402, 4376,  578, 1570,  578, 494,  576, 1572,  578, 1572,  578, 496,  576, 496,  578, 1572,  578, 496,  576, 496,  580, 1570,  578, 496,  576, 496,  574, 1572,  578, 1574,  576, 496,  578, 1572,  578, 1568,  578, 494,  580, 1570,  574, 1574,  578, 1570,  576, 1572,  578, 1572,  574, 1574,  578, 494,  578, 1572,  578, 496,  578, 496,  580, 492,  578, 496,  576, 498,  576, 498,  574, 1572,  576, 496,  576, 500,  574, 1572,  578, 494,  578, 496,  578, 494,  576, 498,  576, 496,  578, 1570,  576, 1572,  578, 496,  578, 1572,  574, 1574,  578, 1570,  576, 1572,  552};  // COOLIX B2BF90
uint64_t data = 0xB2BF90;

// =========================Auto=========================

// Mesg Desc.: Power: On, Mode: 2 (Auto), Fan: 0 (Auto0), Temp: 17C, Zone Follow: Off, Sensor Temp: Off
uint16_t rawData[199] = {4506, 4272,  632, 1544,  628, 446,  628, 1522,  628, 1520,  610, 464,  628, 446,  628, 1522,  626, 448,  628, 446,  628, 1520,  628, 446,  628, 446,  604, 1544,  628, 1522,  628, 446,  628, 1520,  628, 446,  628, 446,  628, 444,  628, 1520,  628, 1520,  628, 1520,  602, 1546,  628, 1520,  604, 1544,  628, 1522,  628, 1520,  630, 444,  628, 446,  628, 446,  626, 446,  604, 470,  628, 446,  628, 446,  602, 470,  604, 470,  606, 1542,  628, 448,  602, 470,  628, 446,  628, 1520,  628, 1520,  626, 1522,  604, 1546,  628, 446,  602, 1546,  626, 1522,  626, 1522,  626, 5088,  4482, 4298,  654, 1522,  628, 446,  628, 1522,  626, 1524,  626, 446,  626, 448,  628, 1522,  626, 446,  604, 470,  604, 1544,  628, 446,  626, 448,  602, 1546,  628, 1520,  628, 446,  602, 1546,  628, 448,  626, 446,  628, 446,  628, 1522,  626, 1522,  628, 1522,  626, 1522,  626, 1522,  628, 1520,  628, 1520,  628, 1522,  626, 448,  626, 448,  626, 448,  602, 472,  602, 470,  628, 446,  626, 448,  628, 444,  604, 470,  628, 1522,  602, 472,  626, 446,  626, 448,  628, 1520,  604, 1546,  628, 1520,  628, 1520,  602, 472,  626, 1522,  626, 1522,  602, 1546,  628};  // COOLIX B21F08
uint64_t data = 0xB21F08;

// Mesg Desc.: Power: On, Mode: 2 (Auto), Fan: 0 (Auto0), Temp: 18C, Zone Follow: Off, Sensor Temp: Off
uint16_t rawData[199] = {4508, 4272,  656, 1522,  626, 448,  628, 1520,  628, 1520,  626, 448,  628, 446,  604, 1544,  628, 446,  628, 444,  628, 1522,  602, 470,  628, 446,  628, 1522,  628, 1520,  628, 446,  626, 1522,  626, 446,  630, 446,  626, 446,  626, 1522,  604, 1546,  628, 1520,  628, 1522,  628, 1520,  628, 1522,  626, 1522,  604, 1546,  626, 446,  626, 448,  628, 446,  628, 446,  626, 448,  626, 446,  628, 446,  628, 446,  602, 1546,  628, 1520,  628, 446,  602, 472,  626, 446,  628, 1520,  628, 1522,  602, 1546,  602, 472,  604, 468,  628, 1522,  602, 1546,  628, 1520,  626, 5088,  4506, 4272,  654, 1522,  626, 448,  626, 1522,  602, 1546,  628, 448,  600, 472,  628, 1522,  624, 448,  604, 470,  626, 1522,  602, 472,  602, 472,  626, 1524,  626, 1522,  626, 446,  628, 1520,  626, 448,  602, 472,  624, 448,  604, 1544,  628, 1522,  626, 1522,  602, 1546,  626, 1522,  626, 1522,  602, 1546,  628, 1520,  628, 446,  626, 448,  626, 446,  628, 446,  626, 448,  626, 448,  626, 448,  628, 446,  628, 1520,  626, 1522,  626, 446,  628, 448,  602, 472,  626, 1522,  626, 1524,  626, 1522,  626, 448,  628, 446,  626, 1522,  602, 1546,  626, 1522,  626};  // COOLIX B21F18
uint64_t data = 0xB21F18;

// Mesg Desc.: Power: On, Mode: 2 (Auto), Fan: 0 (Auto0), Temp: 19C, Zone Follow: Off, Sensor Temp: Off
uint16_t rawData[199] = {4508, 4272,  632, 1544,  626, 448,  628, 1520,  604, 1546,  626, 448,  628, 446,  626, 1522,  626, 446,  628, 446,  626, 1522,  628, 446,  626, 448,  628, 1520,  628, 1520,  626, 448,  628, 1520,  602, 472,  628, 446,  604, 470,  602, 1546,  628, 1522,  628, 1522,  628, 1520,  602, 1546,  626, 1522,  628, 1522,  628, 1520,  628, 446,  628, 446,  628, 446,  628, 446,  628, 446,  628, 446,  626, 448,  628, 1520,  628, 1522,  626, 1522,  628, 446,  628, 446,  626, 448,  626, 1520,  628, 1522,  628, 446,  626, 446,  628, 446,  628, 1520,  628, 1520,  626, 1522,  628, 5088,  4504, 4272,  656, 1520,  626, 448,  602, 1546,  604, 1546,  626, 446,  626, 448,  626, 1522,  626, 446,  628, 446,  602, 1546,  626, 448,  602, 470,  628, 1520,  628, 1522,  626, 448,  628, 1520,  604, 470,  628, 446,  626, 448,  626, 1522,  626, 1522,  604, 1544,  628, 1522,  628, 1520,  628, 1522,  626, 1522,  628, 1522,  626, 446,  628, 446,  626, 448,  626, 446,  628, 446,  626, 448,  628, 446,  628, 1520,  628, 1522,  602, 1546,  626, 448,  628, 446,  626, 448,  626, 1522,  626, 1522,  626, 448,  626, 448,  628, 446,  626, 1522,  626, 1522,  628, 1520,  628};  // COOLIX B21F38
uint64_t data = 0xB21F38;

// Mesg Desc.: Power: On, Mode: 2 (Auto), Fan: 0 (Auto0), Temp: 20C, Zone Follow: Off, Sensor Temp: Off
uint16_t rawData[199] = {4506, 4274,  630, 1546,  626, 448,  602, 1546,  602, 1548,  602, 470,  626, 450,  626, 1520,  602, 472,  626, 448,  604, 1544,  626, 446,  626, 448,  628, 1520,  604, 1546,  602, 472,  608, 1542,  626, 448,  628, 446,  628, 446,  628, 1522,  626, 1522,  628, 1520,  626, 1522,  604, 1546,  604, 1546,  602, 1546,  628, 1520,  628, 446,  626, 448,  626, 446,  628, 446,  602, 470,  626, 448,  602, 470,  628, 1522,  626, 448,  628, 1522,  626, 448,  626, 448,  626, 448,  626, 1522,  626, 1522,  628, 446,  626, 1522,  604, 468,  628, 1522,  604, 1544,  626, 1522,  628, 5088,  4504, 4274,  656, 1522,  628, 446,  602, 1548,  626, 1522,  626, 448,  608, 466,  626, 1522,  628, 446,  626, 448,  626, 1522,  626, 448,  602, 470,  624, 1526,  604, 1544,  626, 448,  602, 1546,  604, 470,  626, 448,  602, 470,  604, 1546,  628, 1520,  626, 1522,  602, 1546,  628, 1522,  604, 1544,  626, 1522,  602, 1548,  628, 446,  626, 448,  626, 448,  602, 470,  626, 448,  626, 446,  604, 470,  626, 1522,  626, 448,  626, 1522,  626, 446,  628, 446,  626, 446,  626, 1522,  626, 1522,  604, 470,  626, 1522,  602, 472,  626, 1522,  626, 1522,  626, 1522,  604};  // COOLIX B21F28
uint64_t data = 0xB21F28;

// Mesg Desc.: Power: On, Mode: 2 (Auto), Fan: 0 (Auto0), Temp: 21C, Zone Follow: Off, Sensor Temp: Off
uint16_t rawData[199] = {4506, 4274,  630, 1544,  602, 470,  626, 1522,  602, 1546,  626, 448,  628, 446,  626, 1522,  628, 446,  604, 470,  626, 1522,  602, 472,  604, 470,  604, 1544,  628, 1522,  626, 448,  628, 1520,  628, 448,  626, 446,  626, 448,  628, 1522,  626, 1520,  628, 1522,  604, 1546,  604, 1544,  628, 1520,  628, 1522,  628, 1522,  626, 446,  628, 446,  604, 470,  602, 472,  626, 448,  626, 446,  626, 1522,  626, 1522,  626, 448,  626, 1522,  626, 448,  626, 446,  612, 462,  628, 1520,  626, 448,  626, 446,  628, 1522,  626, 448,  626, 1522,  626, 1522,  628, 1522,  626, 5088,  4506, 4274,  654, 1520,  618, 456,  602, 1546,  628, 1520,  604, 470,  602, 472,  626, 1522,  604, 470,  626, 448,  628, 1522,  626, 446,  626, 448,  626, 1524,  626, 1522,  626, 448,  614, 1534,  628, 446,  626, 448,  628, 446,  626, 1522,  628, 1520,  626, 1522,  602, 1546,  628, 1520,  628, 1522,  626, 1524,  626, 1522,  624, 448,  628, 446,  626, 448,  602, 470,  626, 448,  602, 472,  624, 1524,  602, 1546,  616, 458,  628, 1522,  626, 446,  626, 448,  626, 448,  604, 1546,  604, 470,  606, 466,  626, 1522,  628, 448,  626, 1522,  626, 1522,  626, 1520,  628};  // COOLIX B21F68
uint64_t data = 0xB21F68;

// Mesg Desc.: Power: On, Mode: 2 (Auto), Fan: 0 (Auto0), Temp: 22C, Zone Follow: Off, Sensor Temp: Off
uint16_t rawData[199] = {4482, 4298,  632, 1546,  602, 472,  626, 1524,  624, 1524,  626, 448,  626, 448,  626, 1522,  602, 472,  602, 472,  624, 1524,  626, 448,  600, 472,  602, 1548,  624, 1524,  602, 472,  602, 1546,  626, 448,  600, 472,  602, 472,  602, 1546,  602, 1548,  602, 1548,  602, 1548,  602, 1546,  626, 1524,  602, 1546,  600, 1548,  602, 472,  612, 460,  626, 448,  602, 470,  602, 472,  600, 472,  626, 1524,  626, 1522,  602, 1548,  602, 1546,  602, 472,  624, 448,  602, 472,  626, 1522,  626, 448,  602, 472,  600, 474,  602, 472,  602, 1546,  602, 1548,  626, 1520,  602, 5112,  4482, 4298,  628, 1548,  626, 448,  600, 1550,  612, 1536,  602, 472,  602, 472,  602, 1546,  626, 448,  602, 472,  600, 1548,  600, 472,  600, 474,  624, 1524,  602, 1546,  626, 450,  626, 1522,  600, 474,  600, 472,  600, 472,  602, 1548,  602, 1548,  602, 1546,  602, 1546,  626, 1524,  602, 1546,  602, 1548,  602, 1546,  602, 472,  626, 448,  600, 474,  602, 472,  626, 448,  602, 472,  602, 1548,  626, 1522,  602, 1548,  602, 1546,  626, 448,  602, 472,  624, 450,  600, 1548,  624, 450,  602, 472,  602, 472,  624, 450,  602, 1546,  602, 1548,  602, 1548,  600};  // COOLIX B21F78
uint64_t data = 0xB21F78;

// Mesg Desc.: Power: On, Mode: 2 (Auto), Fan: 0 (Auto0), Temp: 23C, Zone Follow: Off, Sensor Temp: Off
uint16_t rawData[199] = {4508, 4274,  654, 1522,  628, 446,  626, 1522,  604, 1546,  628, 446,  628, 446,  628, 1520,  602, 472,  626, 446,  628, 1522,  604, 470,  626, 448,  628, 1520,  604, 1546,  626, 448,  628, 1520,  604, 470,  626, 448,  602, 470,  626, 1522,  628, 1522,  626, 1522,  626, 1522,  604, 1546,  628, 1522,  626, 1522,  628, 1520,  604, 470,  628, 446,  628, 446,  604, 470,  628, 446,  624, 448,  626, 1522,  628, 446,  628, 1520,  628, 1522,  626, 446,  628, 446,  628, 446,  628, 1520,  604, 470,  604, 1544,  604, 472,  628, 444,  626, 1524,  604, 1546,  628, 1520,  604, 5110,  4506, 4274,  656, 1520,  626, 448,  604, 1546,  628, 1520,  626, 448,  602, 472,  626, 1522,  604, 470,  628, 446,  628, 1520,  628, 446,  628, 446,  604, 1546,  628, 1520,  626, 448,  626, 1522,  602, 472,  626, 446,  604, 470,  626, 1522,  604, 1544,  628, 1522,  628, 1520,  628, 1522,  604, 1544,  626, 1522,  628, 1522,  626, 446,  626, 450,  626, 446,  628, 446,  626, 448,  628, 446,  628, 1522,  628, 446,  602, 1546,  628, 1520,  602, 470,  604, 470,  626, 446,  626, 1522,  626, 446,  604, 1546,  604, 470,  628, 446,  626, 1522,  604, 1546,  626, 1522,  628};  // COOLIX B21F58
uint64_t data = 0xB21F58;

// Mesg Desc.: Power: On, Mode: 2 (Auto), Fan: 0 (Auto0), Temp: 24C, Zone Follow: Off, Sensor Temp: Off
uint16_t rawData[199] = {4508, 4272,  654, 1522,  604, 470,  602, 1546,  626, 1524,  602, 470,  628, 446,  628, 1522,  628, 446,  626, 448,  626, 1522,  628, 446,  604, 470,  604, 1544,  628, 1520,  628, 446,  626, 1522,  626, 448,  628, 444,  604, 470,  602, 1546,  604, 1546,  606, 1544,  628, 1522,  626, 1522,  626, 1522,  628, 1522,  628, 1520,  628, 446,  604, 468,  628, 446,  628, 446,  604, 470,  626, 448,  628, 1520,  604, 470,  602, 472,  604, 1544,  604, 470,  602, 472,  626, 448,  604, 1544,  604, 470,  604, 1546,  628, 1520,  626, 448,  628, 1522,  628, 1520,  604, 1544,  628, 5086,  4508, 4272,  632, 1546,  626, 448,  626, 1522,  602, 1546,  626, 446,  604, 472,  626, 1522,  602, 470,  626, 448,  604, 1546,  626, 448,  626, 446,  602, 1546,  628, 1522,  628, 446,  624, 1524,  628, 446,  626, 446,  604, 470,  628, 1522,  602, 1546,  626, 1524,  624, 1524,  602, 1546,  626, 1524,  602, 1546,  626, 1522,  628, 446,  602, 472,  626, 446,  604, 470,  602, 470,  626, 448,  626, 1522,  602, 472,  602, 470,  604, 1544,  602, 472,  626, 448,  602, 470,  628, 1522,  604, 470,  626, 1522,  628, 1522,  602, 472,  626, 1522,  626, 1522,  604, 1546,  628};  // COOLIX B21F48
uint64_t data = 0xB21F48;

// Mesg Desc.: Power: On, Mode: 2 (Auto), Fan: 0 (Auto0), Temp: 25C, Zone Follow: Off, Sensor Temp: Off
uint16_t rawData[199] = {4508, 4272,  632, 1544,  628, 446,  626, 1522,  604, 1544,  628, 446,  628, 446,  604, 1544,  628, 444,  628, 446,  626, 1522,  604, 470,  628, 446,  628, 1522,  604, 1546,  626, 446,  628, 1522,  606, 468,  602, 470,  604, 470,  612, 1536,  604, 1546,  604, 1546,  604, 1546,  628, 1520,  604, 1544,  604, 1546,  604, 1546,  610, 464,  626, 448,  602, 470,  602, 472,  602, 470,  626, 1522,  604, 1546,  602, 470,  626, 448,  628, 1520,  602, 472,  628, 446,  626, 448,  628, 446,  626, 446,  628, 1522,  602, 1546,  604, 470,  626, 1522,  602, 1546,  604, 1546,  628, 5084,  4484, 4298,  630, 1546,  628, 446,  628, 1520,  630, 1520,  604, 470,  626, 446,  604, 1546,  626, 446,  602, 472,  602, 1546,  604, 470,  604, 472,  626, 1520,  604, 1546,  628, 446,  602, 1546,  628, 446,  602, 470,  604, 470,  626, 1522,  626, 1522,  626, 1522,  626, 1522,  602, 1546,  604, 1546,  626, 1522,  604, 1544,  626, 448,  626, 446,  604, 470,  602, 470,  604, 470,  602, 1546,  626, 1522,  602, 472,  602, 470,  602, 1546,  604, 470,  604, 470,  604, 470,  626, 448,  626, 446,  626, 1522,  626, 1522,  602, 472,  626, 1522,  604, 1546,  628, 1522,  626};  // COOLIX B21FC8
uint64_t data = 0xB21FC8;

// Mesg Desc.: Power: On, Mode: 2 (Auto), Fan: 0 (Auto0), Temp: 26C, Zone Follow: Off, Sensor Temp: Off
uint16_t rawData[199] = {4506, 4274,  632, 1544,  628, 446,  626, 1522,  602, 1546,  602, 472,  602, 472,  626, 1522,  604, 470,  604, 470,  602, 1546,  626, 448,  628, 446,  628, 1520,  628, 1522,  626, 448,  628, 1520,  604, 470,  628, 446,  602, 472,  626, 1522,  626, 1522,  628, 1520,  602, 1546,  628, 1522,  626, 1522,  628, 1522,  628, 1522,  602, 472,  602, 470,  604, 470,  602, 470,  602, 470,  604, 1546,  626, 1522,  626, 448,  626, 1522,  626, 1522,  626, 448,  602, 472,  628, 446,  626, 448,  602, 472,  602, 1546,  628, 446,  604, 470,  602, 1546,  602, 1546,  626, 1522,  626, 5088,  4480, 4298,  630, 1546,  602, 472,  602, 1546,  602, 1546,  626, 448,  626, 448,  602, 1546,  626, 448,  602, 470,  602, 1546,  602, 472,  602, 472,  602, 1546,  604, 1546,  626, 448,  602, 1546,  602, 472,  602, 470,  602, 470,  602, 1546,  602, 1546,  626, 1522,  604, 1546,  602, 1546,  626, 1522,  626, 1522,  628, 1522,  602, 472,  628, 446,  602, 472,  604, 470,  602, 472,  602, 1546,  626, 1522,  602, 472,  602, 1548,  602, 1546,  604, 470,  626, 448,  612, 462,  602, 472,  626, 448,  626, 1522,  616, 458,  602, 472,  626, 1522,  602, 1548,  602, 1546,  602};  // COOLIX B21FD8
uint64_t data = 0xB21FD8;

// Mesg Desc.: Power: On, Mode: 2 (Auto), Fan: 0 (Auto0), Temp: 27C, Zone Follow: Off, Sensor Temp: Off
uint16_t rawData[199] = {4506, 4274,  656, 1522,  604, 470,  626, 1522,  604, 1544,  628, 446,  628, 446,  628, 1520,  626, 448,  628, 446,  628, 1522,  602, 470,  626, 446,  604, 1544,  628, 1522,  628, 446,  606, 1542,  626, 446,  628, 446,  628, 446,  604, 1544,  604, 1546,  626, 1522,  604, 1546,  628, 1520,  628, 1520,  604, 1546,  604, 1546,  628, 448,  626, 448,  626, 446,  602, 470,  628, 446,  628, 1520,  628, 446,  604, 470,  602, 1546,  602, 1546,  604, 470,  628, 446,  626, 448,  630, 444,  626, 1522,  602, 1546,  628, 446,  604, 470,  602, 1546,  628, 1520,  628, 1520,  628, 5084,  4506, 4274,  630, 1544,  628, 446,  628, 1520,  604, 1544,  628, 446,  604, 470,  628, 1520,  606, 466,  604, 470,  626, 1522,  604, 470,  604, 470,  628, 1520,  626, 1522,  628, 446,  626, 1522,  604, 470,  608, 466,  604, 470,  628, 1520,  628, 1520,  626, 1522,  626, 1522,  626, 1522,  626, 1522,  626, 1522,  626, 1522,  626, 448,  628, 446,  628, 446,  628, 446,  608, 464,  608, 1542,  628, 446,  602, 470,  604, 1544,  604, 1544,  628, 446,  626, 446,  604, 470,  604, 470,  628, 1522,  628, 1522,  626, 446,  628, 446,  628, 1520,  604, 1546,  610, 1540,  626};  // COOLIX B21F98
uint64_t data = 0xB21F98;